.Random.seed <-
c(403L, 386L, -1466774253L, 961685223L, -1901742776L, 1011064910L, 
49374192L, 1475547189L, -1647362841L, 919902432L, 2099584685L, 
-2083799661L, -1964684410L, -505266042L, 490063993L, 139897960L, 
244721097L, -1590326308L, 1882467079L, 214226303L, -1180316205L, 
2074047500L, -1941310200L, -713167883L, 838417297L, -1681175289L, 
894143298L, 1842968307L, -308465437L, 453093430L, 689530527L, 
-1987694831L, -1905223502L, 1068698133L, 100973901L, -1614871436L, 
-302752725L, 1271545626L, -1130436452L, 1805256363L, -2000241755L, 
-1112380187L, -551588602L, 1393896648L, 1939124217L, -300009008L, 
-690361810L, -681271483L, 1086238913L, -925009251L, -1533226570L, 
281006908L, 1754535051L, 1572907306L, 1568327941L, -891939849L, 
1434996125L, 347180468L, -1406088581L, 1978218445L, 1457346882L, 
1213936513L, -1265292730L, 239534924L, 1200864065L, -452252106L, 
-521926949L, -675568633L, 1941479844L, 1840404567L, -667100927L, 
-14238500L, 1529933105L, 559019455L, 1903122030L, -200558663L, 
1523758179L, 2047563243L, 1021240994L, 426905576L, 372782067L, 
-1965248542L, 742871653L, -389671814L, 851775657L, 404134683L, 
415794739L, -1338480785L, 1622136084L, -1245959183L, 136823343L, 
-1575461079L, 1472274722L, -809685972L, 120692992L, -664225503L, 
1286987992L, -1129703692L, -851866594L, -608378029L, -324387309L, 
-1242768577L, -2011971789L, -216573412L, 969019873L, 1439839792L, 
-646240339L, 245933049L, 1033785385L, 721141211L, -1370388207L, 
-1481355598L, -105333342L, -1592143348L, 2056309312L, 228539059L, 
138028236L, 540630023L, 1021824990L, 1604247576L, 808372023L, 
-1509294878L, 246279412L, 1129329355L, 337619598L, -279209853L, 
1873685722L, 1975055379L, -220543390L, -267843864L, 254618247L, 
16479963L, -746033001L, 572795565L, -751409475L, -455987511L, 
1093553155L, -1403183233L, -2011930633L, -204987282L, -2104685588L, 
-153833788L, 1131521874L, -627036883L, 1712587451L, -788627299L, 
-1797703563L, 247142162L, 2036548909L, -66457319L, -87151115L, 
414557370L, 1993350299L, -1690320283L, -1288152382L, -2078910581L, 
-685399696L, 1044300524L, -854661683L, 172160685L, 455115188L, 
-1972446677L, 1665429708L, 625734461L, -1013025531L, 853995980L, 
1057672885L, -1071273266L, 1546464911L, 1610451512L, -515985095L, 
1542806399L, -89709269L, 1238217853L, -972264349L, 222110043L, 
-1901272231L, -718215867L, 1675952256L, -1102356109L, 490904485L, 
-289392376L, -1878072363L, -687240470L, 56570161L, 458698264L, 
-1734422387L, 627802236L, -2079755048L, -630261092L, -336929921L, 
-46255182L, 1474996004L, -2089252949L, -1483941965L, -1124276758L, 
-1203157512L, 387965035L, 180002477L, 1902088388L, -274113804L, 
320870000L, 1122842260L, 454851988L, 411437137L, -401436012L, 
1920837491L, 956695913L, -1961816067L, 1418035066L, -2111768306L, 
119393792L, -1204179780L, -613187527L, -1929549789L, -1779107648L, 
-354510350L, 865516350L, -1135825773L, -1717821622L, 723296413L, 
-2109526153L, -1532723552L, 2004879618L, 1649223600L, 809524466L, 
333334253L, 1681523166L, 730307165L, -1648145810L, -1462208439L, 
-1729647821L, 2097027191L, 1518327464L, 752646674L, 1179077530L, 
384743580L, 791682807L, -1416778282L, 220074609L, -315975909L, 
1873639237L, -677521894L, -2005669086L, -1693854020L, 373407884L, 
-340859825L, -353050596L, -1648066234L, -284951598L, -999026071L, 
-1003583312L, -527323657L, -1308611770L, 234675982L, -1784203625L, 
-1025681832L, 1432597113L, -1783056454L, 1110950655L, 1520696027L, 
410406L, 2112437691L, -366565720L, -553531422L, -1244458126L, 
-1267041521L, 985676968L, -301522908L, -107396212L, 841589530L, 
266871615L, 1780700849L, -509847472L, 1916854913L, 553777876L, 
1162413169L, -1752259633L, -1015436280L, 753544485L, 1663800870L, 
89466106L, -963276654L, 699542918L, 1022397724L, -1891571637L, 
-225398957L, -1640799269L, -129442287L, 321669657L, -86573044L, 
-1210028369L, 204606108L, 720054993L, -2138680943L, -684936726L, 
570163332L, 1660722024L, 1206719645L, -944413851L, 441135233L, 
-1495238820L, -508085575L, -404542343L, -2133865621L, -1311637425L, 
-1402355290L, 1842734216L, 2007942390L, 1503252052L, 692294958L, 
-1974358597L, -980632990L, -7961189L, 223591420L, -1934440309L, 
765967438L, 2063803633L, 1961116195L, 276941384L, -1206234453L, 
824723792L, 305549741L, -858116423L, -1064717947L, -589847784L, 
-1178533993L, 1381469305L, -1613872179L, -1197024643L, 1583266318L, 
-1833109811L, 658465326L, 267006935L, 733715190L, 770641314L, 
1458672422L, 1291931011L, -173314895L, -1135642685L, 96841535L, 
549917991L, 840362204L, 934628393L, -345070986L, 2056226545L, 
-2039482072L, -1902256804L, -772202014L, -1112993992L, 1262820375L, 
1752098613L, -208392246L, 1014976943L, 1605448537L, -1613646302L, 
-2066421888L, 1207138206L, 616161913L, 446877700L, -263101231L, 
1931801559L, -1055114581L, 1334170663L, -1865233445L, -393143416L, 
826525130L, 1332160899L, 2025285330L, -891501176L, -1759084475L, 
1925438750L, -1576369101L, 1579989440L, 571812431L, -2049768370L, 
-2069365577L, -1233004531L, -851214265L, 2020570044L, -508839778L, 
-2066976056L, 1999872448L, -955646503L, -1059704937L, -1216837147L, 
-1721287612L, 557139137L, -1728261498L, -1940441772L, -708671124L, 
-584431112L, 1823752311L, 542677257L, 159187258L, 1260557661L, 
-1011853650L, 602105224L, -1349138491L, 2098107953L, -558241409L, 
311917254L, -1479822282L, -837126004L, -486907603L, -561951340L, 
-1817345268L, 1385050427L, -113497490L, -1246392704L, -1369534243L, 
-368684535L, -944543995L, 1532602467L, 2040763140L, -527744444L, 
1338561071L, 1411642678L, 1626297272L, 1065004549L, 1601477215L, 
734171546L, -113116905L, 1137248343L, -1671898320L, 1877443987L, 
-560465758L, 2143756083L, -904181227L, 1778745547L, 1118925992L, 
-786940992L, 1959688874L, 2098950736L, -947567427L, -1745745315L, 
2133579368L, 162535291L, 1702564740L, -566649125L, -1520842158L, 
-1354757022L, -1884311233L, 2085330898L, 1955828544L, 1108491535L, 
661398043L, 47499922L, 223948653L, 1599807773L, 583198489L, 2014411712L, 
1072136042L, 490653100L, -2087476654L, 445602604L, -1023704537L, 
348451887L, 909276708L, 1065783050L, 188753378L, -1283987214L, 
-1903864810L, -389053480L, -83190086L, -817883858L, 438932459L, 
1770635282L, -80282614L, -1441337840L, 627865801L, 897065600L, 
-1563486779L, -1229172252L, -762201643L, 252303611L, 2047348368L, 
1391810008L, -431908299L, 766595248L, 1565899798L, 786917243L, 
-120261990L, 1920858175L, -207963418L, -2001308939L, 612721563L, 
-605407786L, 527705719L, -384912902L, 1234496996L, 121839921L, 
-1267082458L, 1486733136L, 198325613L, 831377490L, 1730888251L, 
1582076675L, -912505139L, 857125922L, 2146972772L, 54045469L, 
-1156612815L, -2014150987L, -1746243663L, -1295368554L, 485875794L, 
229613250L, 1809837744L, -1585782318L, -150335742L, -585507420L, 
-850689257L, -875226683L, 1268038224L, 392432485L, 1187061041L, 
549180784L, 2032600905L, -1210903722L, 17930607L, 272952170L, 
1042651320L, -1503376760L, -317898211L, 2027102870L, -71570669L, 
-829586743L, 455521843L, 416040040L, 753972456L, 1555283975L, 
1371111578L, -1240397578L, 1805031859L, 518305194L, -1519129779L, 
-1210977351L, -849444211L, -1927950653L, 113859574L, 480461365L, 
834038868L, 1912558900L, -304602924L, 1884028119L, -325308755L, 
1990218723L, -1806396332L, 392280279L, -1228175409L, 753880869L, 
1734310068L, -1438244698L, 1220445430L, -838461711L, -542263907L, 
1559246806L, 1295687249L, -2126619247L, -2072474225L, -1307352191L, 
-556748519L, -2110413738L, -1692655474L, 1558121905L, 1162054313L, 
-1992720928L, -287390809L, 2143804344L, 812429585L, 880481573L, 
-339217735L, -827343680L, -762384891L, -1809739996L, -468942846L, 
-1120682652L, -1510441633L, -580364246L, 518009465L, -440811841L, 
-936316991L, -1477979815L, 2004915098L, -2117269758L, 808872957L, 
-1249808777L, 1110966221L, -1031635581L, 6856933L, 243181017L, 
-1653712916L, 1585253714L, -678498115L, 553200812L, -1535119778L, 
-220936577L, -736722573L, 1252576297L, 300486767L, 348533379L, 
